output-for-ecospace/habitat/basemaps/base-depth-map-F01-176x111.asc
ncols        111
nrows        176
xllcorner    -77.422802170000
yllcorner    36.691714290000
dx           0.016627066126
dy           0.016571428523
NODATA_value -9999
[rows 120 to 143 of 176, columns 55 to 109 of 111]
-9999 -9999 -9999 -9999 -9999 2.7178120613098144531 7.2178120613098144531 13.770786285400390625 12.760786056518554688 2.6407861709594726563 3.4407863616943359375 4.0507864952087402344 7.2607860565185546875 5.1307864189147949219 2.9807863235473632813 2.4676034450531005859 5.0576033592224121094 7.7776036262512207031 10.2776031494140625 12.497603416442871094 13.257603645324707031 13.907603263854980469 13.917603492736816406 13.476043701171875 13.04604339599609375 13.186043739318847656 12.936043739318847656 14.806043624877929688 14.406043052673339844 9.2160434722900390625 9.0760431289672851563 9.52207183837890625 10.382071495056152344 7.1520714759826660156 5.4120717048645019531 1.9220715761184692383 -9999 0.64207160472869873047 -9999 -9999 -9999 -9999 -9999 -9999 -9999 -9999 -9999 -9999 -9999 -9999 -9999 -9999 1.1960932016372680664 0.84609323740005493164 1.6360932588577270508
-9999 -9999 -9999 -9999 -9999 0.51082450151443481445 2.9408245086669921875 6.2949624061584472656 10.854962348937988281 13.98496246337890625 13.98496246337890625 13.204962730407714844 10.774962425231933594 9.5249624252319335938 10.444962501525878906 9.8066005706787109375 6.7666006088256835938 5.7466006278991699219 6.7066006660461425781 12.286601066589355469 13.316600799560546875 13.506600379943847656 13.646600723266601563 13.334249496459960938 13.024250030517578125 12.824250221252441406 13.244249343872070313 14.594249725341796875 13.50424957275390625 9.1842498779296875 9.6242494583129882813 10.987339973449707031 10.43733978271484375 6.5073404312133789063 3.8073401451110839844 0.77734017372131347656 -9999 -9999 -9999 -9999 -9999 -9999 -9999 -9999 -9999 -9999 -9999 -9999 -9999 -9999 0.066021993756294250488 -9999 0.68602198362350463867 1.7360219955444335938 2.2260220050811767578
-9999 -9999 -9999 -9999 -9999 -9999 -9999 -9999 -9999 -9999 0.95496249198913574219 2.3749625682830810547 4.7249622344970703125 5.5249624252319335938 7.7449626922607421875 8.796600341796875 9.8966007232666015625 9.496601104736328125 9.136600494384765625 11.416601181030273438 12.696600914001464844 12.936600685119628906 13.246601104736328125 13.054249763488769531 12.874249458312988281 12.794249534606933594 12.924249649047851563 14.214249610900878906 15.234250068664550781 11.974249839782714844 10.6842498779296875 12.247340202331542969 8.4473400115966796875 5.4073400497436523438 1.837340235710144043 -9999 -9999 -9999 -9999 -9999 -9999 -9999 -9999 -9999 -9999 -9999 -9999 -9999 -9999 -9999 -9999 -9999 0.016021994873881340027 1.9560220241546630859 0.94602197408676147461
-9999 -9999 -9999 -9999 -9999 -9999 -9999 -9999 -9999 -9999 -9999 -9999 -9999 1.6349624395370483398 3.0449624061584472656 7.1666007041931152344 8.7766008377075195313 9.3266010284423828125 9.496601104736328125 10.776600837707519531 11.886600494384765625 12.346600532531738281 12.766600608825683594 12.75424957275390625 12.674249649047851563 12.574250221252441406 12.914249420166015625 13.75424957275390625 16.784250259399414063 14.50424957275390625 13.344249725341796875 11.527339935302734375 7.29734039306640625 3.3873403072357177734 0.82734018564224243164 0.21734020113945007324 -9999 -9999 -9999 -9999 -9999 -9999 -9999 -9999 -9999 -9999 -9999 -9999 -9999 -9999 0.14602199196815490723 0.24602200090885162354 0.23602199554443359375 -9999 1.0160219669342041016
-9999 -9999 -9999 -9999 -9999 -9999 -9999 -9999 -9999 -9999 -9999 1.6549624204635620117 3.6649625301361083984 5.9749622344970703125 6.0549626350402832031 7.0466008186340332031 8.0966005325317382813 8.8666009902954101563 9.4866008758544921875 10.466600418090820313 11.4066009521484375 11.896600723266601563 12.366600990295410156 12.484250068664550781 12.424249649047851563 12.454249382019042969 12.914249420166015625 13.974249839782714844 16.464250564575195313 14.814249992370605469 12.894249916076660156 9.5573406219482421875 5.9973402023315429688 2.5273401737213134766 0.86734020709991455078 -9999 -9999 -9999 -9999 -9999 -9999 -9999 -9999 -9999 -9999 -9999 -9999 0.066021993756294250488 -9999 -9999 0.11602199822664260864 0.56602197885513305664 -9999 0.19602198898792266846 5.1260218620300292969
-9999 -9999 -9999 -9999 -9999 -9999 1.1108244657516479492 -9999 0.38496246933937072754 4.5949625968933105469 6.1849622726440429688 3.2049624919891357422 5.98496246337890625 4.8049626350402832031 4.5849623680114746094 6.5766005516052246094 7.6766009330749511719 8.5066003799438476563 9.3266010284423828125 10.206601142883300781 11.086600303649902344 11.566600799560546875 12.036601066589355469 12.214249610900878906 12.234250068664550781 12.384249687194824219 13.104249954223632813 14.474249839782714844 17.324249267578125 14.25424957275390625 12.014249801635742188 8.6473398208618164063 4.5173401832580566406 2.4773402214050292969 -9999 -9999 -9999 -9999 -9999 -9999 -9999 -9999 -9999 -9999 -9999 -9999 -9999 0.10602199286222457886 0.076021999120712280273 -9999 0.13602200150489807129 -9999 -9999 4.0260219573974609375 7.5760221481323242188
-9999 -9999 -9999 -9999 -9999 -9999 -9999 -9999 -9999 -9999 2.0649623870849609375 4.6249623298645019531 4.6049623489379882813 -9999 2.5049624443054199219 6.1666007041931152344 7.2666006088256835938 8.1066007614135742188 9.0066003799438476563 10.016600608825683594 10.9066009521484375 11.346600532531738281 11.776600837707519531 11.994249343872070313 12.084249496459960938 12.514249801635742188 13.534250259399414063 15.214249610900878906 18.264249801635742188 12.734250068664550781 11.344249725341796875 8.5173406600952148438 4.1473402976989746094 0.66734021902084350586 -9999 -9999 -9999 -9999 -9999 -9999 -9999 -9999 -9999 -9999 -9999 -9999 0.054175194352865219116 0.22602199018001556396 1.566022038459777832 0.42602199316024780273 0.016021994873881340027 -9999 2.4560220241546630859 6.6760220527648925781 8.7760219573974609375
-9999 -9999 -9999 -9999 -9999 -9999 -9999 -9999 -9999 -9999 -9999 0.99496245384216308594 0.42496246099472045898 0.59496247768402099609 0.33496245741844177246 5.3466005325317382813 6.7966008186340332031 7.5366005897521972656 8.7866010665893554688 10.036601066589355469 10.876600265502929688 11.22660064697265625 11.606600761413574219 11.9342498779296875 11.984250068664550781 12.874249458312988281 14.354249954223632813 16.274250030517578125 18.094249725341796875 10.994249343872070313 10.894249916076660156 8.4173402786254882813 4.7573404312133789063 -9999 -9999 -9999 -9999 -9999 -9999 -9999 -9999 -9999 -9999 -9999 -9999 0.024175195023417472839 -9999 -9999 0.10602199286222457886 0.6660220026969909668 0.046021994203329086304 1.0860220193862915039 4.5560221672058105469 7.786022186279296875 9.766021728515625
-9999 -9999 -9999 -9999 -9999 -9999 -9999 -9999 -9999 -9999 -9999 -9999 -9999 -9999 1.8849624395370483398 2.066600799560546875 5.0466008186340332031 6.0066008567810058594 8.0266008377075195313 10.236600875854492188 11.036601066589355469 11.266600608825683594 11.556600570678710938 11.9342498779296875 11.834249496459960938 13.314249992370605469 15.414249420166015625 17.354249954223632813 17.4342498779296875 10.154250144958496094 9.9742498397827148438 7.8473401069641113281 4.3473401069641113281 -9999 -9999 -9999 -9999 -9999 -9999 -9999 -9999 -9999 -9999 -9999 0.10417519509792327881 0.10417519509792327881 0.094175197184085845947 0.016021994873881340027 0.086021997034549713135 0.28602200746536254883 4.2360219955444335938 2.8460218906402587891 4.7560219764709472656 7.9760217666625976563 10.736021995544433594
-9999 -9999 -9999 -9999 -9999 -9999 -9999 -9999 -9999 -9999 -9999 -9999 -9999 -9999 0.215137481689453125 1.1095895767211914063 2.5295896530151367188 3.6095895767211914063 6.6895895004272460938 9.4795894622802734375 10.919589996337890625 11.299589157104492188 11.629589080810546875 12.115207672119140625 11.795207977294921875 14.175208091735839844 16.9152069091796875 16.975208282470703125 15.425208091735839844 8.9852075576782226563 9.2452077865600585938 6.7442603111267089844 2.5142602920532226563 -9999 -9999 -9999 -9999 -9999 -9999 -9999 -9999 -9999 0.063181191682815551758 0.10318119078874588013 0.10318119078874588013 0.10318119078874588013 0.11318118870258331299 0.10524627566337585449 0.24524627625942230225 0.66524624824523925781 3.13524627685546875 2.7752463817596435547 3.9752461910247802734 7.5552463531494140625 11.365245819091796875
-9999 -9999 -9999 -9999 -9999 -9999 -9999 -9999 -9999 -9999 -9999 -9999 -9999 -9999 -9999 -9999 2.7995896339416503906 5.5495896339416503906 6.9695897102355957031 8.2895898818969726563 10.139589309692382813 10.999589920043945313 11.749589920043945313 12.335207939147949219 12.1352081298828125 16.425207138061523438 16.465208053588867188 14.765208244323730469 13.6352081298828125 9.6952075958251953125 8.2852077484130859375 4.0242605209350585938 -9999 -9999 -9999 -9999 -9999 -9999 -9999 -9999 -9999 -9999 0.013181190937757492065 0.10318119078874588013 0.10318119078874588013 0.10318119078874588013 0.11318118870258331299 0.28524628281593322754 0.77524626255035400391 0.50524628162384033203 -9999 1.9752463102340698242 4.1252460479736328125 9.8052463531494140625 12.325245857238769531
-9999 -9999 -9999 -9999 0.51152527332305908203 -9999 0.081525266170501708984 -9999 -9999 -9999 -9999 -9999 -9999 -9999 -9999 -9999 2.0995895862579345703 5.0295896530151367188 6.2995896339416503906 8.1195898056030273438 9.4495897293090820313 10.439589500427246094 12.019589424133300781 12.625207901000976563 12.625207901000976563 17.655208587646484375 14.235207557678222656 13.365207672119140625 12.825207710266113281 11.195207595825195313 7.2452077865600585938 2.1942603588104248047 -9999 -9999 -9999 -9999 -9999 -9999 -9999 -9999 -9999 -9999 0.08318118751049041748 0.10318119078874588013 0.10318119078874588013 0.10318119078874588013 0.16318118572235107422 0.65524625778198242188 1.3652462959289550781 -9999 2.6952462196350097656 4.8652462959289550781 7.4652462005615234375 10.995245933532714844 12.81524658203125
-9999 -9999 -9999 -9999 0.51152527332305908203 -9999 0.081525266170501708984 -9999 -9999 -9999 -9999 -9999 -9999 -9999 -9999 -9999 2.0995895862579345703 5.0295896530151367188 6.2995896339416503906 8.1195898056030273438 9.4495897293090820313 10.439589500427246094 12.019589424133300781 12.625207901000976563 12.625207901000976563 17.655208587646484375 14.235207557678222656 13.365207672119140625 12.825207710266113281 11.195207595825195313 7.2452077865600585938 2.1942603588104248047 -9999 -9999 -9999 -9999 -9999 -9999 -9999 -9999 -9999 -9999 0.08318118751049041748 0.10318119078874588013 0.10318119078874588013 0.10318119078874588013 0.16318118572235107422 0.65524625778198242188 1.3652462959289550781 -9999 2.6952462196350097656 4.8652462959289550781 7.4652462005615234375 10.995245933532714844 12.81524658203125
-9999 -9999 -9999 -9999 -9999 0.46152526140213012695 4.3815250396728515625 -9999 -9999 -9999 0.63513749837875366211 -9999 -9999 -9999 -9999 -9999 2.0895895957946777344 4.1095895767211914063 5.2295894622802734375 7.1995897293090820313 9.8595895767211914063 11.409589767456054688 12.109589576721191406 12.805208206176757813 12.835207939147949219 14.605207443237304688 17.535207748413085938 12.485207557678222656 12.70520782470703125 12.27520751953125 6.5652079582214355469 1.7642602920532226563 0.074260309338569641113 -9999 -9999 -9999 -9999 -9999 -9999 -9999 -9999 -9999 -9999 -9999 0.10318119078874588013 0.11318118870258331299 0.62318116426467895508 1.505246281623840332 1.3352463245391845703 1.3652462959289550781 5.6852464675903320313 6.9052462577819824219 9.3352460861206054688 11.905246734619140625 13.685246467590332031
-9999 -9999 -9999 -9999 -9999 -9999 4.5215253829956054688 0.82513749599456787109 -9999 -9999 1.6751375198364257813 -9999 -9999 -9999 -9999 -9999 1.5995895862579345703 3.9595894813537597656 5.9795894622802734375 6.6395893096923828125 9.7895898818969726563 12.529589653015136719 12.039589881896972656 12.685207366943359375 12.725208282470703125 14.265208244323730469 17.725208282470703125 12.945207595825195313 12.975208282470703125 12.20520782470703125 6.3952078819274902344 2.1242604255676269531 0.16426031291484832764 -9999 -9999 -9999 -9999 -9999 -9999 -9999 0.043181192129850387573 -9999 0.03318119049072265625 0.043181192129850387573 0.11318118870258331299 0.1431811898946762085 1.1131812334060668945 1.1852462291717529297 0.24524627625942230225 4.4952464103698730469 6.5252461433410644531 8.2652463912963867188 10.81524658203125 13.005246162414550781 13.575245857238769531
-9999 -9999 -9999 2.9715251922607421875 3.2215251922607421875 1.6415252685546875 2.3615252971649169922 5.9551372528076171875 2.5551373958587646484 -9999 2.0751373767852783203 -9999 -9999 -9999 -9999 -9999 2.2795896530151367188 7.2195897102355957031 6.5195894241333007813 7.5695896148681640625 9.7295894622802734375 12.449589729309082031 11.929589271545410156 12.355207443237304688 12.625207901000976563 14.945207595825195313 17.59520721435546875 13.085207939147949219 13.335207939147949219 11.155207633972167969 6.2152080535888671875 0.68426030874252319336 -9999 -9999 -9999 -9999 -9999 -9999 -9999 0.073181189596652984619 0.10318119078874588013 0.10318119078874588013 0.10318119078874588013 0.0031811904627829790115 0.093181192874908447266 0.31318119168281555176 2.6831812858581542969 1.2252463102340698242 3.2052462100982666016 4.5252461433410644531 5.88524627685546875 9.1852464675903320313 11.425246238708496094 11.63524627685546875 12.695246696472167969
-9999 -9999 -9999 -9999 0.57152527570724487305 4.4615254402160644531 5.3915252685546875 6.5251374244689941406 6.965137481689453125 3.7651374340057373047 3.1051375865936279297 -9999 -9999 -9999 0.55513745546340942383 1.2295895814895629883 6.5995893478393554688 7.5295896530151367188 6.0295896530151367188 8.7895898818969726563 11.32958984375 11.709589958190917969 11.609589576721191406 12.215208053588867188 13.055208206176757813 16.375207901000976563 17.195207595825195313 13.435207366943359375 13.055208206176757813 10.065207481384277344 6.4952077865600585938 -9999 -9999 -9999 -9999 -9999 -9999 -9999 0.09426031261682510376 -9999 0.11318118870258331299 0.13318118453025817871 0.13318118453025817871 0.073181189596652984619 0.30318120121955871582 0.90318119525909423828 4.0331811904907226563 5.1852464675903320313 6.3652462959289550781 6.5352463722229003906 5.1052460670471191406 9.9652462005615234375 11.805246353149414063 12.7052459716796875 13.685246467590332031
-9999 -9999 -9999 -9999 -9999 -9999 1.0015252828598022461 5.0151376724243164063 6.5051374435424804688 5.9851374626159667969 4.9251375198364257813 1.5651375055313110352 -9999 -9999 0.18513748049736022949 2.64958953857421875 6.6195893287658691406 8.7595891952514648438 7.8195896148681640625 9.0695896148681640625 12.89958953857421875 10.659589767456054688 11.629589080810546875 12.1352081298828125 14.545207977294921875 18.20520782470703125 16.055208206176757813 14.165207862854003906 11.505208015441894531 8.27520751953125 1.20520782470703125 -9999 -9999 -9999 -9999 -9999 -9999 0.074260309338569641113 -9999 0.03318119049072265625 0.03318119049072265625 0.26318117976188659668 0.33318120241165161133 0.31318119168281555176 0.63318121433258056641 1.2331812381744384766 0.68318116664886474609 1.8552463054656982422 3.8752462863922119141 4.88524627685546875 5.88524627685546875 10.075245857238769531 12.855246543884277344 13.965246200561523438 15.13524627685546875
-9999 -9999 -9999 0.034019090235233306885 1.4040191173553466797 0.6840190887451171875 2.6340191364288330078 5.1295423507690429688 5.9195423126220703125 5.8095426559448242188 5.9395422935485839844 4.4395422935485839844 1.5395424365997314453 0.27954241633415222168 0.019542427733540534973 2.9351203441619873047 6.4151201248168945313 9.5351200103759765625 8.5951204299926757813 10.645120620727539063 12.835120201110839844 10.565120697021484375 11.86511993408203125 12.292325973510742188 16.92232513427734375 19.562326431274414063 14.64232635498046875 13.4623260498046875 10.262326240539550781 4.0823259353637695313 -9999 -9999 -9999 -9999 -9999 -9999 -9999 0.095642641186714172363 0.075642637908458709717 -9999 0.18047127127647399902 1.0304713249206542969 1.8504712581634521484 1.3704712390899658203 0.99047124385833740234 0.44047126173973083496 2.7204713821411132813 4.4904303550720214844 5.140430450439453125 6.390430450439453125 8.320430755615234375 11.760430335998535156 14.030430793762207031 15.510430335998535156 16.740430831909179688
-9999 -9999 -9999 -9999 1.2440190315246582031 0.73401910066604614258 0.80401909351348876953 0.88954240083694458008 3.6995425224304199219 5.5395421981811523438 6.1595425605773925781 6.3895425796508789063 5.4195423126220703125 3.9795424938201904297 1.1295424699783325195 4.135120391845703125 6.2851204872131347656 9.1651201248168945313 9.4451208114624023438 12.22512054443359375 12.435120582580566406 11.065120697021484375 11.925120353698730469 12.662325859069824219 19.372325897216796875 20.042325973510742188 13.942325592041015625 11.14232635498046875 7.872325897216796875 1.4223259687423706055 0.70232599973678588867 -9999 -9999 -9999 -9999 -9999 -9999 -9999 -9999 0.16047126054763793945 1.0404713153839111328 2.1104712486267089844 2.4004712104797363281 2.1104712486267089844 0.83047127723693847656 3.2704713344573974609 4.9004712104797363281 5.3204302787780761719 6.4304304122924804688 8.1004304885864257813 10.48043060302734375 13.510430335998535156 16.110429763793945313 15.680430412292480469 15.420430183410644531
-9999 -9999 -9999 -9999 -9999 -9999 -9999 -9999 1.9195424318313598633 3.8495423793792724609 4.1895422935485839844 7.0995426177978515625 7.4195423126220703125 6.6995425224304199219 5.1995425224304199219 5.6951203346252441406 6.7951202392578125 7.6251201629638671875 9.6551198959350585938 12.925120353698730469 12.205120086669921875 11.515120506286621094 12.005120277404785156 13.182326316833496094 21.102325439453125 20.182325363159179688 12.232325553894042969 9.4723262786865234375 5.0623259544372558594 1.5423259735107421875 -9999 -9999 -9999 -9999 -9999 -9999 0.39564263820648193359 -9999 -9999 0.14047126471996307373 0.51047128438949584961 2.0604712963104248047 2.3404712677001953125 7.17047119140625 4.6804714202880859375 4.4604711532592773438 6.080471038818359375 6.73043060302734375 8.0004301071166992188 9.8104305267333984375 12.180430412292480469 15.910430908203125 16.510431289672851563 15.350430488586425781 16.070430755615234375
-9999 -9999 -9999 -9999 -9999 -9999 -9999 -9999 0.60954242944717407227 0.77954244613647460938 1.4795423746109008789 3.5695424079895019531 6.499542236328125 8.249542236328125 8.1495428085327148438 8.1651201248168945313 10.195120811462402344 8.1551198959350585938 9.1451206207275390625 12.515120506286621094 11.925120353698730469 11.745120048522949219 12.075119972229003906 13.89232635498046875 19.002325057983398438 24.542325973510742188 11.272325515747070313 7.7023258209228515625 3.0323259830474853516 1.2323260307312011719 -9999 -9999 -9999 -9999 -9999 -9999 0.065642639994621276855 -9999 -9999 -9999 0.38047125935554504395 1.2204712629318237305 1.3804712295532226563 2.0704712867736816406 5.9404711723327636719 4.5304713249206542969 5.4604711532592773438 7.7704305648803710938 9.3104305267333984375 10.900430679321289063 12.250430107116699219 14.310430526733398438 16.740430831909179688 17.580430984497070313 18.700429916381835938
-9999 -9999 -9999 -9999 -9999 0.54401910305023193359 2.8240191936492919922 2.7695424556732177734 5.7195425033569335938 4.3195424079895019531 2.7495424747467041016 2.6995425224304199219 4.8595423698425292969 7.2795424461364746094 8.5495424270629882813 9.2751207351684570313 9.5251207351684570313 6.6051201820373535156 9.2651205062866210938 12.2951202392578125 11.745120048522949219 11.685120582580566406 11.925120353698730469 13.742325782775878906 15.632326126098632813 23.202325820922851563 19.942325592041015625 6.53232574462890625 2.4523260593414306641 0.86232596635818481445 -9999 -9999 -9999 -9999 -9999 -9999 0.095642641186714172363 -9999 -9999 0.10047126561403274536 1.1704713106155395508 1.3104712963104248047 0.71047127246856689453 1.8204712867736816406 4.3404712677001953125 3.7004711627960205078 6.260471343994140625 8.4504308700561523438 10.010430335998535156 11.270430564880371094 11.990430831909179688 13.290430068969726563 16.560430526733398438 18.73043060302734375 20.000431060791015625
9.444019317626953125 9.444019317626953125 7.0540189743041992188 6.8040189743041992188 8.444019317626953125 10.654019355773925781 12.184019088745117188 12.499542236328125 12.119542121887207031 12.549542427062988281 11.289542198181152344 7.589542388916015625 3.6395423412322998047 5.5695424079895019531 7.5195422172546386719 8.6051206588745117188 9.7151203155517578125 8.455120086669921875 9.8951206207275390625 11.605120658874511719 11.465120315551757813 11.345120429992675781 11.905119895935058594 12.902325630187988281 14.4623260498046875 15.162325859069824219 23.332326889038085938 12.102326393127441406 4.872325897216796875 2.9723260402679443359 -9999 -9999 -9999 -9999 -9999 0.025642639026045799255 -9999 -9999 -9999 0.56047129631042480469 0.74047124385833740234 0.74047124385833740234 0.70047128200531005859 2.7004711627960205078 4.1904711723327636719 4.4104714393615722656 7.0004711151123046875 9.210430145263671875 10.790430068969726563 11.830430030822753906 12.420430183410644531 13.760430335998535156 16.5504302978515625 17.970430374145507813 20.140430450439453125
