output-for-ecospace/habitat/basemaps/base-depth-map-F01-176x111.asc
ncols        111
nrows        176
xllcorner    -77.422802170000
yllcorner    36.691714290000
dx           0.016627066126
dy           0.016571428523
NODATA_value -9999
[rows 72 to 95 of 176, columns 55 to 109 of 111]
-9999 -9999 -9999 -9999 -9999 -9999 -9999 9.2643899917602539063 15.494389533996582031 20.974390029907226563 27.544389724731445313 11.034389495849609375 5.1843895912170410156 2.2543897628784179688 -9999 -9999 -9999 -9999 -9999 -9999 -9999 -9999 -9999 -9999 0.014296261593699455261 -9999 -9999 -9999 0.0042962618172168731689 -9999 -9999 -9999 -9999 -9999 -9999 -9999 -9999 -9999 -9999 -9999 0.67754507064819335938 -9999 -9999 -9999 -9999 -9999 -9999 -9999 -9999 -9999 -9999 -9999 -9999 -9999 -9999
-9999 -9999 -9999 -9999 -9999 -9999 -9999 0.78801077604293823242 10.768011093139648438 17.208011627197265625 27.878011703491210938 18.268011093139648438 6.5180106163024902344 3.2480108737945556641 -9999 -9999 -9999 0.36480161547660827637 -9999 -9999 -9999 -9999 -9999 -9999 -9999 -9999 -9999 -9999 -9999 -9999 -9999 -9999 -9999 -9999 -9999 -9999 -9999 -9999 -9999 0.80954915285110473633 2.7595491409301757813 -9999 -9999 -9999 -9999 -9999 -9999 -9999 -9999 -9999 -9999 -9999 -9999 -9999 -9999
2.1918849945068359375 2.1918849945068359375 -9999 -9999 -9999 -9999 -9999 -9999 7.4680109024047851563 14.608011245727539063 20.978010177612304688 29.338010787963867188 7.3080105781555175781 4.3180108070373535156 1.0380108356475830078 -9999 -9999 0.76480162143707275391 -9999 -9999 -9999 -9999 -9999 -9999 -9999 -9999 -9999 -9999 -9999 -9999 0.22580838203430175781 0.050730478018522262573 -9999 -9999 -9999 -9999 -9999 -9999 -9999 2.2595491409301757813 -9999 -9999 -9999 -9999 -9999 -9999 -9999 -9999 -9999 -9999 -9999 -9999 -9999 -9999 -9999
10.121885299682617188 10.121885299682617188 -9999 -9999 -9999 -9999 -9999 -9999 6.0080108642578125 13.198010444641113281 16.488010406494140625 26.93801116943359375 18.18801116943359375 4.2980108261108398438 2.0280108451843261719 0.68480163812637329102 -9999 1.0148016214370727539 1.3648016452789306641 0.89480161666870117188 -9999 -9999 -9999 -9999 -9999 -9999 -9999 -9999 -9999 -9999 0.83580839633941650391 1.6607304811477661133 1.0207304954528808594 -9999 -9999 -9999 -9999 -9999 0.34073048830032348633 2.4295492172241210938 -9999 -9999 -9999 -9999 -9999 -9999 -9999 -9999 -9999 -9999 -9999 -9999 -9999 -9999 -9999
8.5918855667114257813 8.5918855667114257813 2.8018851280212402344 -9999 -9999 -9999 -9999 6.3780107498168945313 8.2980108261108398438 12.108011245727539063 14.818010330200195313 19.088010787963867188 29.21800994873046875 8.2080106735229492188 2.5080108642578125 0.8448016047477722168 1.244801640510559082 -9999 1.3348016738891601563 1.7848016023635864258 0.6248016357421875 -9999 -9999 -9999 -9999 -9999 -9999 -9999 -9999 -9999 1.2258083820343017578 1.5307304859161376953 1.3907305002212524414 0.12073047459125518799 -9999 -9999 0.74073046445846557617 2.3507304191589355469 2.1207304000854492188 -9999 -9999 -9999 -9999 -9999 -9999 -9999 -9999 -9999 -9999 -9999 -9999 -9999 -9999 -9999 -9999
2.2318851947784423828 2.2318851947784423828 10.311884880065917969 1.741885066032409668 -9999 -9999 8.4818849563598632813 10.428010940551757813 9.43801116943359375 11.668010711669921875 14.228011131286621094 16.738010406494140625 21.498010635375976563 22.308010101318359375 2.7680108547210693359 0.99480164051055908203 1.1948015689849853516 -9999 2.3148016929626464844 0.56480163335800170898 0.58480161428451538086 -9999 -9999 -9999 -9999 -9999 -9999 -9999 0.035808380693197250366 1.3558083772659301758 1.94580841064453125 1.2407305240631103516 0.99073046445846557617 -9999 -9999 0.21073047816753387451 2.1907305717468261719 1.9707304239273071289 -9999 -9999 -9999 -9999 -9999 -9999 -9999 -9999 -9999 -9999 -9999 -9999 -9999 -9999 -9999 -9999 -9999
-9999 -9999 -9999 12.571885108947753906 12.001885414123535156 9.5418853759765625 3.3718850612640380859 1.2380107641220092773 6.7780108451843261719 11.618010520935058594 14.198010444641113281 15.518011093139648438 18.728010177612304688 27.908010482788085938 6.1580109596252441406 1.8148015737533569336 1.0948016643524169922 0.81480163335800170898 2.2648015022277832031 2.8448016643524169922 3.1548016071319580078 2.7148015499114990234 0.75480163097381591797 -9999 -9999 -9999 -9999 -9999 1.5858083963394165039 2.8858084678649902344 -9999 -9999 -9999 -9999 -9999 2.4207305908203125 2.2607305049896240234 -9999 -9999 -9999 -9999 -9999 -9999 -9999 -9999 -9999 -9999 -9999 -9999 -9999 -9999 -9999 -9999 -9999 -9999
-9999 -9999 -9999 -9999 -9999 -9999 -9999 -9999 5.07801055908203125 10.288010597229003906 13.998010635375976563 14.748010635375976563 16.888010025024414063 27.058010101318359375 12.928010940551757813 4.2748017311096191406 1.754801630973815918 1.0548015832901000977 1.4048016071319580078 0.3448016047477722168 0.5948016047477722168 3.9548015594482421875 0.36480161547660827637 0.95580840110778808594 0.39580836892127990723 -9999 -9999 -9999 -9999 2.9758083820343017578 2.3258082866668701172 -9999 -9999 -9999 0.1507304757833480835 3.4607305526733398438 1.1907304525375366211 -9999 -9999 -9999 -9999 -9999 -9999 -9999 -9999 -9999 -9999 -9999 -9999 -9999 -9999 -9999 -9999 -9999 -9999
-9999 -9999 -9999 -9999 -9999 -9999 -9999 2.7380108833312988281 9.2180109024047851563 9.7580108642578125 12.778010368347167969 13.928010940551757813 15.268011093139648438 21.07801055908203125 21.928010940551757813 7.1448016166687011719 4.4948015213012695313 2.0248017311096191406 1.5748015642166137695 0.54480159282684326172 1.2648016214370727539 4.8348016738891601563 1.0248016119003295898 1.9958083629608154297 1.9658083915710449219 0.86580836772918701172 -9999 -9999 -9999 1.6758084297180175781 3.9758083820343017578 1.5007305145263671875 -9999 -9999 0.3307304680347442627 4.0407304763793945313 -9999 -9999 -9999 -9999 -9999 -9999 -9999 -9999 0.48954913020133972168 -9999 -9999 -9999 -9999 -9999 -9999 -9999 -9999 -9999 -9999
-9999 -9999 -9999 -9999 -9999 -9999 -9999 4.6497707366943359375 9.5197706222534179688 9.8997707366943359375 11.45977020263671875 13.239770889282226563 14.169770240783691406 16.7797698974609375 26.479770660400390625 11.777917861938476563 6.2179179191589355469 4.5079178810119628906 2.5079181194305419922 1.667918086051940918 0.45791807770729064941 3.4679181575775146484 4.6379179954528808594 5.8683624267578125 2.1183621883392333984 0.32836222648620605469 -9999 -9999 -9999 2.8083622455596923828 3.2983622550964355469 2.4452939033508300781 0.71529382467269897461 -9999 1.7752938270568847656 4.3952937126159667969 -9999 -9999 -9999 -9999 0.74379235506057739258 0.76379233598709106445 0.36379233002662658691 -9999 -9999 -9999 -9999 -9999 -9999 -9999 -9999 -9999 -9999 -9999 -9999
-9999 -9999 -9999 -9999 -9999 -9999 -9999 0.90977066755294799805 9.6497707366943359375 10.159770965576171875 10.939770698547363281 12.4997711181640625 13.839770317077636719 14.6397705078125 19.189769744873046875 25.377918243408203125 7.0779180526733398438 5.5679183006286621094 4.6779179573059082031 2.9279181957244873047 1.4579180479049682617 0.36791810393333435059 -9999 0.93836224079132080078 6.1183624267578125 3.4183621406555175781 1.2083622217178344727 -9999 1.1683622598648071289 2.9583623409271240234 3.2383623123168945313 3.9852938652038574219 2.4552938938140869141 0.18529380857944488525 1.0952937602996826172 4.8952937126159667969 0.81529378890991210938 -9999 1.3952938318252563477 1.5537923574447631836 0.24379232525825500488 -9999 -9999 -9999 -9999 -9999 -9999 -9999 -9999 -9999 -9999 -9999 -9999 -9999 -9999
-9999 -9999 -9999 -9999 -9999 -9999 -9999 -9999 8.2197704315185546875 10.4997711181640625 11.049770355224609375 11.859770774841308594 13.369771003723144531 14.199770927429199219 15.489770889282226563 22.24791717529296875 20.5379180908203125 6.8879179954528808594 6.0179181098937988281 4.877918243408203125 3.7079181671142578125 2.4779181480407714844 2.6379179954528808594 4.0583620071411132813 8.8183622360229492188 5.0183620452880859375 4.5483622550964355469 2.778362274169921875 0.42836225032806396484 2.1683621406555175781 3.6983623504638671875 4.5252938270568847656 2.8152937889099121094 2.4552938938140869141 3.4352939128875732422 4.625293731689453125 2.4152936935424804688 1.4052938222885131836 2.5252938270568847656 1.3237923383712768555 1.2637922763824462891 0.59379231929779052734 -9999 -9999 -9999 -9999 -9999 -9999 -9999 -9999 -9999 -9999 -9999 -9999 -9999
-9999 -9999 -9999 -9999 -9999 -9999 -9999 -9999 0.99977064132690429688 9.1697702407836914063 11.449770927429199219 11.899770736694335938 12.629770278930664063 13.81977081298828125 14.31977081298828125 16.297918319702148438 27.2879180908203125 14.327918052673339844 7.8679180145263671875 7.6879181861877441406 7.377918243408203125 6.447917938232421875 6.8579182624816894531 8.278362274169921875 6.5583620071411132813 2.6783621311187744141 1.9783622026443481445 1.8183622360229492188 5.0183620452880859375 4.0983624458312988281 4.1783623695373535156 3.5052938461303710938 5.9152936935424804688 6.3652939796447753906 6.1152939796447753906 3.96529388427734375 3.5052938461303710938 2.71529388427734375 2.4852938652038574219 1.1937923431396484375 -9999 -9999 -9999 -9999 -9999 -9999 -9999 -9999 -9999 -9999 -9999 -9999 -9999 -9999 -9999
-9999 -9999 -9999 -9999 1.8486757278442382813 -9999 -9999 -9999 -9999 2.3597707748413085938 9.6297702789306640625 12.169770240783691406 12.70977020263671875 13.349770545959472656 13.7497711181640625 14.427918434143066406 23.57791900634765625 19.587917327880859375 12.247918128967285156 9.7279176712036132813 10.0379180908203125 9.5379180908203125 8.7979183197021484375 7.5883622169494628906 5.6283621788024902344 1.8083622455596923828 0.79836225509643554688 0.1383622288703918457 0.22836223244667053223 2.1283621788024902344 2.0083622932434082031 2.8252937793731689453 10.815294265747070313 5.0352935791015625 1.3352937698364257813 0.68529379367828369141 -9999 -9999 -9999 -9999 -9999 -9999 -9999 -9999 -9999 -9999 -9999 -9999 -9999 -9999 -9999 -9999 -9999 -9999 -9999
-9999 -9999 -9999 -9999 2.0986757278442382813 -9999 -9999 -9999 -9999 -9999 3.4997706413269042969 9.3697710037231445313 12.56977081298828125 13.149770736694335938 13.399770736694335938 13.707918167114257813 20.85791778564453125 20.207918167114257813 13.027917861938476563 12.477917671203613281 10.887918472290039063 7.8979182243347167969 8.197917938232421875 7.3883624076843261719 5.3383622169494628906 1.1383622884750366211 -9999 -9999 -9999 0.3583622276782989502 1.5683622360229492188 5.1352939605712890625 11.375293731689453125 2.4252939224243164063 -9999 -9999 -9999 -9999 -9999 -9999 -9999 -9999 -9999 -9999 -9999 -9999 -9999 -9999 -9999 -9999 -9999 -9999 -9999 -9999 -9999
-9999 -9999 -9999 -9999 3.6086757183074951172 -9999 -9999 -9999 -9999 -9999 -9999 3.7697706222534179688 10.009770393371582031 13.119771003723144531 13.529770851135253906 13.507918357849121094 18.117918014526367188 23.527917861938476563 15.0379180908203125 12.647917747497558594 10.987917900085449219 8.4579181671142578125 7.2479181289672851563 6.6083621978759765625 4.5883622169494628906 0.76836222410202026367 0.47836223244667053223 0.60836225748062133789 -9999 1.398362278938293457 2.3483622074127197266 6.1652936935424804688 11.835293769836425781 1.6352938413619995117 -9999 -9999 -9999 -9999 -9999 -9999 -9999 -9999 -9999 -9999 -9999 -9999 -9999 -9999 -9999 -9999 -9999 -9999 -9999 -9999 -9999
1.518675684928894043 1.518675684928894043 -9999 4.0986757278442382813 3.8186757564544677734 -9999 -9999 -9999 -9999 -9999 -9999 -9999 5.3497705459594726563 10.779770851135253906 13.759770393371582031 13.737917900085449219 16.71791839599609375 25.487918853759765625 13.847918510437011719 11.487917900085449219 8.4879179000854492188 7.9979181289672851563 7.1079182624816894531 6.528362274169921875 3.0483622550964355469 0.50836223363876342773 1.5783622264862060547 1.6983622312545776367 0.97836226224899291992 1.6983622312545776367 2.4283621311187744141 5.8952937126159667969 13.795293807983398438 0.58529382944107055664 -9999 0.43529379367828369141 0.65529382228851318359 1.1952937841415405273 0.19529381394386291504 0.43379232287406921387 1.5137922763824462891 1.5837923288345336914 0.73379230499267578125 0.74379235506057739258 -9999 -9999 -9999 -9999 -9999 -9999 -9999 -9999 -9999 -9999 -9999
2.5421612262725830078 2.5421612262725830078 2.3921613693237304688 4.3321614265441894531 6.602161407470703125 -9999 -9999 -9999 -9999 -9999 -9999 2.4735875129699707031 6.243587493896484375 8.7135877609252929688 13.183588027954101563 13.726006507873535156 15.356006622314453125 26.426006317138671875 13.096006393432617188 9.6660060882568359375 7.6560063362121582031 8.0360059738159179688 7.2560062408447265625 6.0517506599426269531 2.3017508983612060547 0.75175076723098754883 2.2217507362365722656 1.281750798225402832 1.41175079345703125 0.35175079107284545898 1.3217507600784301758 6.04395294189453125 15.143953323364257813 1.9539529085159301758 0.26395294070243835449 1.3339529037475585938 2.4939529895782470703 1.9539529085159301758 2.4039528369903564453 2.4314904212951660156 2.0614905357360839844 0.011490497738122940063 -9999 -9999 -9999 -9999 -9999 -9999 -9999 -9999 -9999 -9999 -9999 -9999 -9999
10.702161788940429688 10.702161788940429688 1.4321613311767578125 4.2821612358093261719 8.1421613693237304688 2.102161407470703125 1.7721613645553588867 -9999 -9999 -9999 -9999 4.3735876083374023438 9.1935873031616210938 10.573587417602539063 12.423587799072265625 13.396006584167480469 14.776006698608398438 23.916006088256835938 15.246006011962890625 8.08600616455078125 7.2660064697265625 7.8860063552856445313 7.3660063743591308594 5.6317505836486816406 2.8917508125305175781 1.5917507410049438477 2.8017508983612060547 1.541750788688659668 0.34175080060958862305 -9999 1.8817508220672607422 6.4939527511596679688 13.773952484130859375 3.3339529037475585938 2.1939530372619628906 2.1639528274536132813 1.79395294189453125 3.2339529991149902344 3.6439528465270996094 1.9314905405044555664 0.43149051070213317871 -9999 -9999 -9999 -9999 -9999 -9999 -9999 -9999 -9999 -9999 -9999 -9999 -9999 -9999
15.352161407470703125 15.352161407470703125 13.182161331176757813 6.7221612930297851563 8.8621616363525390625 7.7921614646911621094 5.1321611404418945313 2.2035875320434570313 -9999 -9999 -9999 3.1535875797271728516 8.9635877609252929688 10.90358734130859375 12.15358734130859375 13.126006126403808594 14.416006088256835938 19.58600616455078125 20.896005630493164063 7.2160062789916992188 6.6660060882568359375 7.3460063934326171875 6.7760062217712402344 5.1417508125305175781 3.2617506980895996094 2.4217507839202880859 2.9217507839202880859 1.1917507648468017578 0.45175078511238098145 -9999 0.71175080537796020508 4.6839528083801269531 14.123952865600585938 8.3439531326293945313 2.9839529991149902344 1.8239529132843017578 2.4239530563354492188 5.7339529991149902344 1.6839529275894165039 -9999 -9999 -9999 -9999 -9999 0.081490494310855865479 -9999 -9999 -9999 -9999 -9999 -9999 -9999 -9999 -9999 -9999
16.242160797119140625 16.242160797119140625 16.882162094116210938 15.602161407470703125 14.632161140441894531 12.912160873413085938 10.812161445617675781 6.6635875701904296875 2.5935876369476318359 -9999 -9999 2.6635875701904296875 7.9535875320434570313 10.40358734130859375 12.223587989807128906 13.0160064697265625 14.096006393432617188 19.596006393432617188 21.936006546020507813 7.08600616455078125 6.426006317138671875 6.8660063743591308594 6.2560062408447265625 5.3017506599426269531 3.9417507648468017578 3.0017507076263427734 3.5517508983612060547 3.3817508220672607422 1.7017507553100585938 0.70175081491470336914 0.45175078511238098145 3.1439528465270996094 9.54395294189453125 12.603953361511230469 4.7639527320861816406 2.9939529895782470703 3.9139528274536132813 5.4639530181884765625 0.70395296812057495117 -9999 -9999 -9999 -9999 0.78149050474166870117 0.24149049818515777588 -9999 -9999 -9999 -9999 -9999 -9999 -9999 -9999 -9999 -9999
10.362161636352539063 10.362161636352539063 12.142161369323730469 13.602161407470703125 15.612161636352539063 17.562160491943359375 16.44216156005859375 13.40358734130859375 8.1835880279541015625 1.1435875892639160156 0.11358757317066192627 1.2435876131057739258 6.8835873603820800781 9.0435876846313476563 11.773587226867675781 13.046006202697753906 13.796006202697753906 20.036006927490234375 20.626007080078125 9.246006011962890625 6.1160063743591308594 6.1460061073303222656 6.7960062026977539063 5.5917506217956542969 6.4017505645751953125 6.0917506217956542969 4.91175079345703125 4.6117506027221679688 4.251750946044921875 4.0617508888244628906 3.5017507076263427734 3.0239529609680175781 6.0539531707763671875 13.86395263671875 6.0939531326293945313 4.0839529037475585938 6.1039528846740722656 5.1239528656005859375 2.1739530563354492188 2.4214904308319091797 3.1014904975891113281 2.7714905738830566406 1.621490478515625 0.84149050712585449219 -9999 -9999 -9999 -9999 -9999 -9999 -9999 -9999 -9999 -9999 -9999
7.1621613502502441406 7.1621613502502441406 9.2621612548828125 10.142161369323730469 11.362161636352539063 12.872160911560058594 15.542160987854003906 17.663587570190429688 15.293587684631347656 12.573587417602539063 8.7135877609252929688 3.0035874843597412109 6.5235877037048339844 10.203587532043457031 11.633587837219238281 12.786005973815917969 13.596006393432617188 19.756006240844726563 20.526006698608398438 11.366005897521972656 6.8160061836242675781 5.7760062217712402344 6.08600616455078125 8.3117504119873046875 7.8817505836486816406 5.8717508316040039063 4.5417509078979492188 4.7917509078979492188 2.9317507743835449219 1.6917507648468017578 2.0817508697509765625 3.4839529991149902344 3.6339528560638427734 8.953952789306640625 13.253952980041503906 10.4739532470703125 7.5039529800415039063 5.4439530372619628906 3.7239530086517333984 2.3514904975891113281 1.9614905118942260742 0.36149048805236816406 -9999 -9999 -9999 -9999 -9999 -9999 -9999 -9999 -9999 -9999 -9999 -9999 -9999
3.6321613788604736328 3.6321613788604736328 4.9521613121032714844 5.2021613121032714844 5.9821615219116210938 9.9521617889404296875 11.712161064147949219 13.103587150573730469 16.053586959838867188 16.733587265014648438 15.543587684631347656 10.713587760925292969 10.753587722778320313 10.953587532043457031 11.063587188720703125 12.376006126403808594 13.286005973815917969 17.896005630493164063 22.436006546020507813 11.33600616455078125 8.0760059356689453125 6.2060065269470214844 5.4460062980651855469 7.5317506790161132813 9.41175079345703125 5.7317509651184082031 4.8017506599426269531 4.321750640869140625 0.42175078392028808594 -9999 0.16175079345703125 1.0539529323577880859 2.8639528751373291016 3.9739530086517333984 5.5839529037475585938 14.383953094482421875 12.053953170776367188 3.7139530181884765625 1.3239529132843017578 -9999 0.071490496397018432617 -9999 -9999 -9999 -9999 -9999 -9999 -9999 -9999 -9999 -9999 -9999 0.083183407783508300781 -9999 -9999
