output-for-ecospace/habitat/basemaps/base-depth-map-F01-176x111.asc
ncols        111
nrows        176
xllcorner    -77.422802170000
yllcorner    36.691714290000
dx           0.016627066126
dy           0.016571428523
NODATA_value -9999
[rows 144 to 167 of 176, columns 55 to 109 of 111]
-9999 -9999 6.9740190505981445313 8.0540189743041992188 6.6840190887451171875 4.2740192413330078125 2.9040191173553466797 1.2395424842834472656 1.7895424365997314453 4.0795426368713378906 8.0695428848266601563 10.899542808532714844 10.849542617797851563 8.589542388916015625 6.4195423126220703125 7.0351204872131347656 9.5551204681396484375 9.5351200103759765625 10.325119972229003906 10.985120773315429688 11.0451202392578125 10.86511993408203125 12.015120506286621094 11.772325515747070313 13.192325592041015625 13.702325820922851563 13.552326202392578125 20.67232513427734375 7.122325897216796875 4.6523261070251464844 -9999 -9999 -9999 -9999 -9999 -9999 -9999 -9999 0.32564264535903930664 1.1004712581634521484 0.86047124862670898438 0.31047126650810241699 -9999 3.3204712867736816406 5.1904711723327636719 5.760471343994140625 8.0504713058471679688 10.390430450439453125 11.73043060302734375 12.750430107116699219 13.140430450439453125 14.000430107116699219 15.140430450439453125 17.520429611206054688 18.990430831909179688
-9999 -9999 -9999 -9999 -9999 -9999 1.1440191268920898438 2.1295423507690429688 4.5395421981811523438 6.2695422172546386719 7.5595426559448242188 7.8995423316955566406 8.5595426559448242188 11.039542198181152344 11.209542274475097656 6.5951204299926757813 7.0751204490661621094 9.455120086669921875 10.5451202392578125 10.825119972229003906 10.72512054443359375 10.755120277404785156 11.605120658874511719 11.03232574462890625 11.882326126098632813 12.2123260498046875 12.092326164245605469 14.052326202392578125 15.452325820922851563 4.3523259162902832031 -9999 -9999 -9999 -9999 -9999 0.015642637386918067932 -9999 -9999 0.13564263284206390381 1.2304712533950805664 1.3704712390899658203 0.54047125577926635742 1.3804712295532226563 3.2004711627960205078 6.6304712295532226563 7.2104711532592773438 9.3404712677001953125 10.910430908203125 11.98043060302734375 13.240430831909179688 14.37042999267578125 14.420430183410644531 15.87042999267578125 17.34043121337890625 18.920431137084960938
-9999 -9999 -9999 -9999 -9999 -9999 -9999 0.51524984836578369141 4.7852497100830078125 5.5952496528625488281 2.9052498340606689453 2.3052499294281005859 3.3752498626708984375 7.2552499771118164063 10.625249862670898438 11.786702156066894531 8.9067020416259765625 7.9167017936706542969 10.30670166015625 10.626702308654785156 10.606701850891113281 12.226701736450195313 9.7767019271850585938 10.23241424560546875 10.822414398193359375 11.072414398193359375 10.772414207458496094 10.632414817810058594 14.862414360046386719 12.8024139404296875 1.7324143648147583008 -9999 -9999 -9999 -9999 0.096483729779720306396 -9999 -9999 -9999 0.34581315517425537109 0.035813141614198684692 -9999 2.6158132553100585938 4.6958131790161132813 7.2158131599426269531 8.6758127212524414063 10.175812721252441406 11.462521553039550781 12.762521743774414063 14.112521171569824219 14.612521171569824219 15.032521247863769531 16.442522048950195313 17.792522430419921875 19.392520904541015625
-9999 -9999 -9999 -9999 -9999 -9999 0.9901790618896484375 1.8952498435974121094 4.4752497673034667969 2.6052498817443847656 1.7952498197555541992 1.8252499103546142578 1.7652498483657836914 4.2852497100830078125 7.4952497482299804688 10.046702384948730469 11.326702117919921875 10.286702156066894531 10.286702156066894531 10.626702308654785156 10.326702117919921875 12.48670196533203125 8.9067020416259765625 9.4324140548706054688 9.8424139022827148438 10.112414360046386719 9.9224147796630859375 9.6724147796630859375 9.572414398193359375 11.222414016723632813 10.702414512634277344 -9999 -9999 -9999 -9999 0.17648372054100036621 -9999 -9999 0.0064837266691029071808 -9999 0.16581314802169799805 2.3858132362365722656 5.2258129119873046875 6.4958133697509765625 7.7858133316040039063 9.4458131790161132813 10.915813446044921875 12.442521095275878906 14.052521705627441406 15.182521820068359375 15.59252166748046875 15.6625213623046875 15.362521171569824219 16.102521896362304688 17.972520828247070313
-9999 -9999 -9999 -9999 -9999 -9999 0.91017907857894897461 0.65524983406066894531 1.0352498292922973633 0.26524984836578369141 0.20524986088275909424 1.5252498388290405273 1.3352499008178710938 2.3652498722076416016 5.7552499771118164063 7.5567021369934082031 9.6167020797729492188 10.786702156066894531 11.226701736450195313 11.016701698303222656 11.046702384948730469 12.576702117919921875 9.5267019271850585938 9.2224140167236328125 8.892414093017578125 8.8824148178100585938 8.892414093017578125 8.98241424560546875 8.7624139785766601563 7.6524143218994140625 7.7924141883850097656 8.1364841461181640625 -9999 -9999 -9999 0.56648373603820800781 0.32648372650146484375 0.2564837336540222168 -9999 0.41581314802169799805 3.5558130741119384766 5.64581298828125 6.485813140869140625 7.4358129501342773438 8.7658128738403320313 10.345812797546386719 11.925812721252441406 13.432521820068359375 14.142521858215332031 15.122521400451660156 14.902521133422851563 13.98252105712890625 14.132521629333496094 15.402521133422851563 17.20252227783203125
-9999 -9999 -9999 -9999 -9999 -9999 -9999 -9999 -9999 -9999 -9999 0.39524987339973449707 1.1252498626708984375 1.9752498865127563477 3.79524993896484375 6.076702117919921875 8.326702117919921875 9.8467016220092773438 10.956702232360839844 11.506702423095703125 11.426701545715332031 12.30670166015625 12.626702308654785156 10.042414665222167969 8.2424144744873046875 8.0824146270751953125 8.2924146652221679688 8.4524145126342773438 8.322414398193359375 6.98241424560546875 5.6424145698547363281 7.5964837074279785156 -9999 -9999 0.046483725309371948242 1.0664837360382080078 1.3364837169647216797 0.49648371338844299316 0.77648371458053588867 4.07581329345703125 5.2958130836486816406 6.0558133125305175781 7.1858129501342773438 8.5058135986328125 9.8858127593994140625 11.545813560485839844 12.885812759399414063 13.73252105712890625 14.882521629333496094 14.762521743774414063 14.742521286010742188 15.642521858215332031 16.502521514892578125 17.652521133422851563 18.352521896362304688
-9999 -9999 -9999 -9999 -9999 -9999 -9999 -9999 -9999 -9999 -9999 -9999 -9999 1.1652498245239257813 2.7552499771118164063 5.8367018699645996094 6.6867017745971679688 8.646701812744140625 9.7067022323608398438 11.206702232360839844 11.126702308654785156 12.316701889038085938 13.73670196533203125 12.592413902282714844 8.2424144744873046875 7.6924142837524414063 8.1224145889282226563 8.0424146652221679688 7.8924145698547363281 7.1124143600463867188 6.2624144554138183594 6.7564835548400878906 2.8164837360382080078 -9999 0.27648371458053588867 1.4664837121963500977 0.32648372650146484375 0.67648375034332275391 4.8364839553833007813 5.6958131790161132813 6.3558130264282226563 7.3058133125305175781 8.3858127593994140625 9.7058134078979492188 10.685812950134277344 11.765812873840332031 13.39581298828125 14.192521095275878906 12.972521781921386719 14.432521820068359375 17.322521209716796875 17.77252197265625 18.52252197265625 19.52252197265625 19.862522125244140625
-9999 -9999 -9999 -9999 -9999 -9999 -9999 -9999 -9999 0.55524986982345581055 0.095249861478805541992 1.2452498674392700195 1.5352498292922973633 1.9752498865127563477 2.6152498722076416016 4.0267019271850585938 6.7967019081115722656 7.5267019271850585938 8.5167016983032226563 10.026701927185058594 11.226701736450195313 11.026701927185058594 13.246702194213867188 14.772414207458496094 10.682414054870605469 7.3824143409729003906 8.822414398193359375 7.572414398193359375 7.4324145317077636719 7.0924143791198730469 8.322414398193359375 7.3964838981628417969 1.0164837837219238281 0.46648371219635009766 1.1964837312698364258 1.4764837026596069336 2.696483612060546875 5.8464837074279785156 6.1064839363098144531 6.7258129119873046875 7.6358132362365722656 8.3358135223388671875 9.0458135604858398438 9.96581268310546875 10.725812911987304688 12.225812911987304688 12.515812873840332031 12.572521209716796875 15.042521476745605469 17.23252105712890625 17.922521591186523438 17.862522125244140625 17.922521591186523438 18.962520599365234375 20.762521743774414063
-9999 -9999 -9999 -9999 -9999 -9999 -9999 -9999 -9999 -9999 0.76524984836578369141 0.58524984121322631836 0.17524985969066619873 -9999 0.42524987459182739258 3.98670196533203125 6.8667020797729492188 7.1267018318176269531 7.7167019844055175781 8.5867023468017578125 10.276701927185058594 10.586702346801757813 11.106701850891113281 13.91241455078125 14.612414360046386719 8.252414703369140625 9.3424139022827148438 7.822414398193359375 6.5024142265319824219 5.322414398193359375 8.2824144363403320313 11.826483726501464844 0.61648374795913696289 -9999 0.16648373007774353027 3.2164838314056396484 5.8664836883544921875 5.626483917236328125 6.3664836883544921875 7.6358132362365722656 8.5058135986328125 8.9758129119873046875 9.1858129501342773438 9.8658132553100585938 11.015812873840332031 11.335813522338867188 13.545813560485839844 16.262521743774414063 16.902521133422851563 17.002521514892578125 16.262521743774414063 16.09252166748046875 16.832521438598632813 17.362522125244140625 20.352521896362304688
-9999 -9999 -9999 -9999 -9999 -9999 -9999 -9999 -9999 -9999 -9999 -9999 -9999 -9999 1.7552498579025268555 3.9067020416259765625 5.7767019271850585938 6.7767019271850585938 7.646701812744140625 8.1867017745971679688 8.73670196533203125 9.8167018890380859375 10.356701850891113281 11.122414588928222656 14.16241455078125 13.252414703369140625 8.0224142074584960938 10.792414665222167969 6.5024142265319824219 4.2724142074584960938 5.4924144744873046875 10.896483421325683594 8.21648406982421875 5.7464838027954101563 7.5964837074279785156 8.6464834213256835938 6.9364838600158691406 5.9264836311340332031 6.876483917236328125 8.1958131790161132813 8.9458131790161132813 9.4258127212524414063 10.185812950134277344 11.2558135986328125 12.335813522338867188 14.435812950134277344 14.735813140869140625 14.442521095275878906 14.6625213623046875 15.332521438598632813 16.4125213623046875 16.582521438598632813 16.492521286010742188 18.152521133422851563 21.002521514892578125
-9999 -9999 -9999 -9999 -9999 -9999 -9999 -9999 -9999 -9999 -9999 -9999 -9999 -9999 3.7572128772735595703 4.8356118202209472656 4.77561187744140625 6.2656121253967285156 7.5556120872497558594 7.6656117439270019531 7.9856119155883789063 8.935611724853515625 9.5756120681762695313 9.6394128799438476563 11.659412384033203125 14.089412689208984375 12.129412651062011719 9.5694122314453125 12.029412269592285156 7.4694128036499023438 6.7894124984741210938 9.1937131881713867188 11.773713111877441406 7.3737130165100097656 5.1437129974365234375 4.6637129783630371094 6.4837131500244140625 7.6337127685546875 8.1637125015258789063 8.8466939926147460938 9.5166940689086914063 10.226694107055664063 10.956694602966308594 11.566694259643554688 12.076694488525390625 12.866694450378417969 13.55669403076171875 14.501254081726074219 15.62125396728515625 17.291254043579101563 18.571254730224609375 17.581254959106445313 18.381254196166992188 19.541254043579101563 21.51125335693359375
-9999 -9999 -9999 -9999 -9999 -9999 -9999 -9999 -9999 -9999 -9999 -9999 -9999 0.077212907373905181885 5.2572131156921386719 5.4156117439270019531 5.115612030029296875 5.9156117439270019531 6.5656118392944335938 7.0756120681762695313 7.8956117630004882813 8.2256116867065429688 8.6556119918823242188 9.2194128036499023438 9.8494129180908203125 10.829412460327148438 14.539412498474121094 11.509412765502929688 8.0394124984741210938 8.8794126510620117188 8.4694128036499023438 7.5937128067016601563 8.2537126541137695313 10.223712921142578125 7.3037128448486328125 5.4637126922607421875 6.5037131309509277344 7.8237128257751464844 8.8537130355834960938 9.4466943740844726563 9.9366941452026367188 10.726694107055664063 11.66669464111328125 12.436694145202636719 13.406694412231445313 14.386693954467773438 15.266694068908691406 16.671253204345703125 18.031253814697265625 17.841253280639648438 18.241254806518554688 19.341253280639648438 20.4112548828125 20.941253662109375 21.891254425048828125
3.6784868240356445313 3.6784868240356445313 1.8284869194030761719 -9999 -9999 -9999 -9999 -9999 -9999 -9999 -9999 -9999 -9999 3.05721282958984375 5.0272130966186523438 5.1256117820739746094 5.4056119918823242188 5.9656119346618652344 6.1556119918823242188 6.365612030029296875 6.8756117820739746094 7.2556118965148925781 8.3156118392944335938 7.429412841796875 9.3494129180908203125 11.149412155151367188 10.959412574768066406 14.629412651062011719 7.8894124031066894531 6.5194125175476074219 6.1994128227233886719 6.1337127685546875 6.473712921142578125 7.3037128448486328125 8.2637128829956054688 7.3037128448486328125 7.1037130355834960938 8.5937128067016601563 9.56371307373046875 10.086693763732910156 10.976694107055664063 12.036694526672363281 13.046693801879882813 13.7366943359375 14.41669464111328125 14.906694412231445313 15.226694107055664063 16.421253204345703125 17.171253204345703125 18.271253585815429688 20.151254653930664063 21.48125457763671875 21.98125457763671875 21.781253814697265625 22.791254043579101563
7.9984869956970214844 7.9984869956970214844 7.2384867668151855469 2.8984868526458740234 -9999 -9999 -9999 -9999 -9999 -9999 1.2772128582000732422 1.3672128915786743164 0.78721290826797485352 11.397212982177734375 13.507212638854980469 13.195611953735351563 12.495612144470214844 11.835612297058105469 9.3156118392944335938 7.3456120491027832031 7.1656117439270019531 7.3556118011474609375 8.045612335205078125 6.5194125175476074219 7.5994124412536621094 9.3294124603271484375 10.059412956237792969 11.74941253662109375 14.299412727355957031 9.2394123077392578125 6.7194128036499023438 7.1137127876281738281 7.7037129402160644531 8.1737127304077148438 8.6037130355834960938 9.0937128067016601563 9.95371246337890625 10.533713340759277344 10.933712959289550781 11.596693992614746094 12.586693763732910156 13.546693801879882813 14.296693801879882813 14.646694183349609375 14.946694374084472656 15.076694488525390625 15.006693840026855469 15.081254005432128906 16.561254501342773438 18.191253662109375 20.591253280639648438 22.26125335693359375 22.281253814697265625 21.461254119873046875 22.341253280639648438
3.6084868907928466797 3.6084868907928466797 6.3184866905212402344 9.23848724365234375 -9999 -9999 -9999 -9999 2.1172130107879638672 3.7972128391265869141 4.7472128868103027344 13.727212905883789063 16.207212448120117188 10.55721282958984375 6.2972130775451660156 5.5156121253967285156 6.0656118392944335938 7.7956118583679199219 10.625612258911132813 11.825612068176269531 11.395611763000488281 11.255612373352050781 10.005612373352050781 8.2394123077392578125 8.8294124603271484375 8.24941253662109375 8.5994129180908203125 9.4894123077392578125 11.3194122314453125 14.039412498474121094 13.379412651062011719 11.463712692260742188 10.74371337890625 10.673712730407714844 10.583712577819824219 10.323713302612304688 9.6937131881713867188 9.7337131500244140625 10.45371246337890625 11.866694450378417969 13.176693916320800781 13.976694107055664063 14.80669403076171875 15.256693840026855469 15.576694488525390625 15.836693763732910156 16.066694259643554688 16.381254196166992188 16.76125335693359375 18.381254196166992188 20.281253814697265625 21.26125335693359375 21.861253738403320313 21.73125457763671875 21.5512542724609375
2.1384868621826171875 2.1384868621826171875 2.9284868240356445313 5.4784870147705078125 10.498486518859863281 -9999 -9999 3.1072130203247070313 4.2072129249572753906 7.5172128677368164063 16.227212905883789063 10.947213172912597656 3.4072129726409912109 3.4472129344940185547 5.0372128486633300781 6.9456119537353515625 7.4656119346618652344 7.0656118392944335938 7.0856118202209472656 7.9856119155883789063 8.5556116104125976563 8.9856119155883789063 10.845611572265625 12.409412384033203125 12.5694122314453125 11.629412651062011719 9.5694122314453125 9.1894130706787109375 10.479413032531738281 12.799412727355957031 14.089412689208984375 12.833712577819824219 9.8537130355834960938 9.5937128067016601563 9.6137132644653320313 9.3237133026123046875 9.1037130355834960938 9.1837129592895507813 9.6837129592895507813 10.7366943359375 11.936694145202636719 12.956694602966308594 14.076694488525390625 15.16669464111328125 16.206693649291992188 16.896694183349609375 17.0966949462890625 17.641254425048828125 18.601253509521484375 19.061254501342773438 19.48125457763671875 19.991254806518554688 20.62125396728515625 21.961254119873046875 22.76125335693359375
0.038486860692501068115 0.038486860692501068115 2.1184868812561035156 3.0684869289398193359 6.7684869766235351563 11.388486862182617188 8.0584869384765625 8.0872125625610351563 9.1672124862670898438 11.967212677001953125 13.547212600708007813 1.7772128582000732422 1.2772128582000732422 2.80721282958984375 0.85721290111541748047 0.085611954331398010254 6.5856118202209472656 7.8256120681762695313 7.3156118392944335938 7.0456118583679199219 7.185611724853515625 7.3356118202209472656 7.77561187744140625 8.7394123077392578125 9.3494129180908203125 10.99941253662109375 14.079412460327148438 14.589412689208984375 14.869412422180175781 16.839412689208984375 21.169412612915039063 24.723712921142578125 20.523712158203125 13.473712921142578125 9.6737127304077148438 9.3437128067016601563 9.6937131881713867188 10.363713264465332031 11.093712806701660156 11.766694068908691406 12.05669403076171875 12.256693840026855469 12.786694526672363281 14.016694068908691406 15.136693954467773438 15.866694450378417969 15.866694450378417969 17.001253128051757813 18.601253509521484375 18.401254653930664063 17.741254806518554688 18.151254653930664063 19.441253662109375 21.681253433227539063 22.4112548828125
0.52848684787750244141 0.52848684787750244141 2.3684868812561035156 2.8584868907928466797 3.4984867572784423828 6.1584868431091308594 8.0584869384765625 7.5772128105163574219 8.2272129058837890625 7.5872130393981933594 9.827213287353515625 -9999 -9999 -9999 -9999 -9999 -9999 2.3556120395660400391 6.0456118583679199219 7.5856118202209472656 7.9956121444702148438 8.1456117630004882813 8.365612030029296875 9.179412841796875 8.8794126510620117188 8.4894123077392578125 9.1894130706787109375 11.109412193298339844 14.549412727355957031 15.619412422180175781 16.919412612915039063 20.263713836669921875 22.363712310791015625 22.99371337890625 20.593713760375976563 14.713712692260742188 11.943713188171386719 11.70371246337890625 11.933712959289550781 12.066694259643554688 12.2366943359375 12.526694297790527344 12.656694412231445313 13.856694221496582031 14.476694107055664063 15.866694450378417969 17.146694183349609375 16.891254425048828125 17.141254425048828125 17.821254730224609375 18.921253204345703125 19.961254119873046875 19.781253814697265625 20.501253128051757813 21.971254348754882813
0.33449059724807739258 0.33449059724807739258 2.2144906520843505859 2.8044905662536621094 4.3844904899597167969 4.6344904899597167969 5.0344905853271484375 5.025177001953125 -9999 -9999 8.6551771163940429688 -9999 -9999 -9999 -9999 -9999 -9999 -9999 -9999 -9999 1.3725252151489257813 0.70252525806427001953 2.3425252437591552734 4.158031463623046875 6.7580313682556152344 7.6080317497253417969 8.0380315780639648438 6.838031768798828125 -9999 -9999 -9999 5.9088182449340820313 12.758817672729492188 16.948818206787109375 18.978818893432617188 19.60881805419921875 15.478817939758300781 11.898818016052246094 11.388817787170410156 11.524577140808105469 11.924577713012695313 12.924577713012695313 13.844577789306640625 15.294577598571777344 15.494577407836914063 17.344577789306640625 16.68457794189453125 18.094661712646484375 19.14466094970703125 18.78466033935546875 19.21466064453125 21.36466217041015625 21.834661483764648438 21.5746612548828125 21.544660568237304688
-9999 -9999 1.0844905376434326172 3.1944906711578369141 0.22449058294296264648 1.0844905376434326172 2.6444904804229736328 0.70517712831497192383 -9999 -9999 7.3151769638061523438 0.80517709255218505859 -9999 -9999 -9999 -9999 -9999 -9999 -9999 -9999 -9999 -9999 -9999 -9999 -9999 0.79803156852722167969 -9999 -9999 -9999 -9999 -9999 -9999 7.0488181114196777344 10.568818092346191406 14.658818244934082031 17.508817672729492188 18.728818893432617188 14.718817710876464844 11.1788177490234375 11.474577903747558594 12.354578018188476563 13.534577369689941406 14.664577484130859375 15.564577102661132813 16.68457794189453125 17.844577789306640625 17.544576644897460938 19.634660720825195313 16.524662017822265625 18.424661636352539063 21.154661178588867188 23.094661712646484375 23.21466064453125 22.78466033935546875 23.474660873413085938
-9999 -9999 2.6044905185699462891 0.99449056386947631836 -9999 -9999 -9999 -9999 -9999 -9999 4.4451770782470703125 2.275177001953125 -9999 -9999 -9999 -9999 -9999 -9999 -9999 -9999 -9999 -9999 -9999 -9999 -9999 -9999 -9999 -9999 -9999 -9999 -9999 -9999 7.1688179969787597656 8.35881805419921875 11.348817825317382813 14.768817901611328125 16.738817214965820313 17.528818130493164063 13.718817710876464844 11.75457763671875 12.794577598571777344 14.344577789306640625 15.644577980041503906 16.50457763671875 17.244577407836914063 17.75457763671875 18.904577255249023438 19.024662017822265625 19.28466033935546875 21.044660568237304688 22.454660415649414063 22.514661788940429688 22.914661407470703125 22.694662094116210938 23.044660568237304688
-9999 -9999 -9999 -9999 -9999 -9999 -9999 -9999 -9999 -9999 8.45517730712890625 3.6351771354675292969 -9999 -9999 -9999 -9999 -9999 -9999 -9999 -9999 -9999 -9999 -9999 -9999 -9999 -9999 -9999 -9999 -9999 -9999 -9999 -9999 5.2888178825378417969 8.4688177108764648438 9.9988183975219726563 13.038818359375 15.338817596435546875 16.10881805419921875 16.6788177490234375 14.914577484130859375 14.634577751159667969 16.034578323364257813 17.444578170776367188 18.014577865600585938 18.594577789306640625 19.164577484130859375 20.1145782470703125 20.764661788940429688 21.774662017822265625 22.844661712646484375 23.39466094970703125 22.694662094116210938 20.634660720825195313 21.404661178588867188 20.414661407470703125
-9999 -9999 -9999 -9999 -9999 -9999 -9999 -9999 -9999 -9999 -9999 3.8251771926879882813 3.4751770496368408203 -9999 -9999 -9999 -9999 -9999 -9999 -9999 -9999 -9999 -9999 -9999 -9999 -9999 -9999 -9999 -9999 -9999 -9999 -9999 2.2088179588317871094 8.8088178634643554688 9.4188184738159179688 11.938817977905273438 14.048817634582519531 15.338817596435546875 15.998818397521972656 16.974576950073242188 17.094577789306640625 17.474576950073242188 17.224576950073242188 17.8645782470703125 19.104578018188476563 19.8945770263671875 20.924577713012695313 22.474660873413085938 22.844661712646484375 22.694662094116210938 21.294660568237304688 21.314661026000976563 19.664661407470703125 19.64466094970703125 20.804660797119140625
-9999 -9999 -9999 -9999 -9999 -9999 -9999 -9999 -9999 -9999 -9999 -9999 -9999 3.0751771926879882813 -9999 -9999 -9999 -9999 -9999 -9999 -9999 -9999 -9999 -9999 -9999 -9999 -9999 -9999 -9999 -9999 -9999 -9999 -9999 8.9188184738159179688 9.268817901611328125 11.238818168640136719 12.638817787170410156 14.188817977905273438 15.718817710876464844 16.794576644897460938 16.804576873779296875 17.524578094482421875 17.884576797485351563 17.154577255249023438 18.244577407836914063 18.994577407836914063 20.374578475952148438 21.744661331176757813 21.184661865234375 21.14466094970703125 21.514661788940429688 18.96466064453125 19.624660491943359375 20.884660720825195313 19.844661712646484375
