output-for-ecospace/habitat/basemaps/base-depth-map-F01-176x111.asc
ncols        111
nrows        176
xllcorner    -77.422802170000
yllcorner    36.691714290000
dx           0.016627066126
dy           0.016571428523
NODATA_value -9999
[rows 96 to 119 of 176, columns 55 to 109 of 111]
-9999 -9999 0.49216133356094360352 2.7721612453460693359 5.5621614456176757813 8.102161407470703125 9.9021615982055664063 11.233587265014648438 12.15358734130859375 13.443587303161621094 15.053587913513183594 15.283587455749511719 13.533587455749511719 12.093587875366210938 11.683588027954101563 12.046006202697753906 12.816006660461425781 15.506006240844726563 23.94600677490234375 13.406005859375 8.5560064315795898438 5.7060065269470214844 5.5160064697265625 8.5917510986328125 8.751750946044921875 6.501750946044921875 5.0917506217956542969 3.5717508792877197266 0.45175078511238098145 0.42175078392028808594 -9999 -9999 0.78395295143127441406 2.3839528560638427734 3.9539530277252197266 6.3639531135559082031 18.29395294189453125 4.0139527320861816406 0.40395295619964599609 -9999 -9999 -9999 -9999 -9999 -9999 -9999 -9999 -9999 -9999 -9999 -9999 -9999 -9999 -9999 -9999
-9999 -9999 0.7935746312141418457 2.0735745429992675781 2.4535746574401855469 3.84357452392578125 6.4735746383666992188 9.750843048095703125 10.690842628479003906 11.9108428955078125 12.870842933654785156 13.270842552185058594 13.320842742919921875 12.84084320068359375 12.310842514038085938 12.107794761657714844 12.427794456481933594 14.257794380187988281 20.487794876098632813 19.8477935791015625 9.88779449462890625 7.2577943801879882813 6.5077943801879882813 9.9388227462768554688 7.4588222503662109375 6.7588224411010742188 5.7988224029541015625 3.288822174072265625 -9999 0.28882229328155517578 0.12882228195667266846 -9999 1.2251557111740112305 1.4151557683944702148 3.1851556301116943359 9.5351552963256835938 19.005155563354492188 1.3051557540893554688 -9999 0.45389282703399658203 -9999 -9999 -9999 -9999 -9999 -9999 -9999 -9999 -9999 -9999 -9999 -9999 -9999 0.07274532318115234375 -9999
-9999 -9999 -9999 -9999 -9999 0.083574637770652770996 3.3935747146606445313 6.7908425331115722656 7.4308428764343261719 7.2608428001403808594 10.170843124389648438 12.350842475891113281 12.700842857360839844 12.720842361450195313 12.55084228515625 12.337794303894042969 12.447794914245605469 13.397794723510742188 17.607793807983398438 21.107793807983398438 16.8477935791015625 10.807794570922851563 10.097794532775878906 9.62882232666015625 7.3488221168518066406 6.9288225173950195313 5.8488221168518066406 3.0788223743438720703 0.088822290301322937012 -9999 -9999 0.86515569686889648438 2.0751557350158691406 3.2251558303833007813 12.055155754089355469 21.095155715942382813 5.8251557350158691406 1.0751557350158691406 0.63515573740005493164 0.083892822265625 -9999 -9999 -9999 -9999 0.13389281928539276123 -9999 0.24389281868934631348 0.19274532794952392578 0.59274530410766601563 -9999 -9999 -9999 0.32274532318115234375 -9999 -9999
-9999 -9999 -9999 -9999 -9999 -9999 -9999 -9999 0.92084276676177978516 2.0608427524566650391 3.6208426952362060547 8.5308427810668945313 10.6608428955078125 11.770842552185058594 12.200842857360839844 12.267794609069824219 12.557794570922851563 13.327794075012207031 16.297794342041015625 18.357793807983398438 21.547794342041015625 15.607794761657714844 13.177794456481933594 10.438822746276855469 7.6088223457336425781 6.6888222694396972656 5.7288222312927246094 3.7188222408294677734 0.41882228851318359375 0.31882229447364807129 0.4588222801685333252 0.66515570878982543945 2.9151556491851806641 9.0651559829711914063 20.075155258178710938 8.085155487060546875 4.1251559257507324219 1.8451557159423828125 1.9251557588577270508 0.12389282137155532837 -9999 0.10389282554388046265 0.43389281630516052246 1.453892827033996582 2.4738929271697998047 2.4838929176330566406 1.8038928508758544922 2.2027454376220703125 2.192745208740234375 1.7927453517913818359 1.5127453804016113281 0.83274531364440917969 0.94274532794952392578 -9999 -9999
-9999 -9999 -9999 -9999 -9999 -9999 -9999 -9999 -9999 -9999 -9999 0.92084276676177978516 5.9608426094055175781 8.0808429718017578125 9.2608423233032226563 10.967794418334960938 12.027794837951660156 12.957794189453125 14.807794570922851563 20.38779449462890625 18.557794570922851563 22.477794647216796875 15.537794113159179688 10.938822746276855469 9.468822479248046875 6.8488221168518066406 5.5688223838806152344 3.7588222026824951172 0.92882227897644042969 0.16882228851318359375 1.3688223361968994141 2.2351558208465576172 5.7251558303833007813 15.905156135559082031 15.525156021118164063 7.3651556968688964844 4.5551557540893554688 0.8451557159423828125 -9999 0.063892818987369537354 -9999 0.24389281868934631348 1.8238928318023681641 2.7138929367065429688 2.833892822265625 2.7638928890228271484 2.6638927459716796875 2.3227453231811523438 1.6027452945709228516 1.5027452707290649414 0.65274530649185180664 1.1327452659606933594 0.48274531960487365723 -9999 -9999
-9999 -9999 -9999 -9999 -9999 -9999 -9999 -9999 -9999 -9999 -9999 -9999 -9999 1.4608427286148071289 5.4708428382873535156 7.0277943611145019531 9.0677947998046875 11.427794456481933594 13.177794456481933594 17.477794647216796875 23.77779388427734375 21.957794189453125 17.74779510498046875 13.148821830749511719 9.62882232666015625 8.0588226318359375 5.7588224411010742188 3.9188222885131835938 1.1888222694396972656 0.33882227540016174316 1.6688222885131835938 2.0651557445526123047 6.8051557540893554688 19.055154800415039063 10.145155906677246094 5.2151556015014648438 3.3951556682586669922 0.30515572428703308105 -9999 0.56389284133911132813 1.0338928699493408203 1.8038928508758544922 2.833892822265625 3.3038928508758544922 3.3638927936553955078 3.1838927268981933594 2.4338927268981933594 0.17274531722068786621 -9999 -9999 -9999 -9999 -9999 -9999 -9999
-9999 -9999 -9999 -9999 -9999 -9999 -9999 -9999 -9999 -9999 -9999 -9999 -9999 -9999 -9999 1.3177944421768188477 4.63779449462890625 5.7477946281433105469 9.0677947998046875 14.017794609069824219 24.807794570922851563 23.207794189453125 20.63779449462890625 13.478822708129882813 11.458822250366210938 8.8888225555419921875 6.4588222503662109375 4.7688221931457519531 2.0088222026824951172 0.62882226705551147461 2.1488223075866699219 2.4051556587219238281 4.7051558494567871094 20.985155105590820313 10.405156135559082031 4.5451555252075195313 2.3351557254791259766 0.5951557159423828125 1.2551556825637817383 1.7338927984237670898 2.7538928985595703125 1.9938927888870239258 4.0138926506042480469 4.3538928031921386719 3.8638927936553955078 1.963892817497253418 0.67389279603958129883 -9999 -9999 -9999 -9999 -9999 -9999 -9999 -9999
-9999 -9999 -9999 -9999 -9999 -9999 -9999 -9999 -9999 -9999 -9999 -9999 -9999 -9999 -9999 -9999 1.2377945184707641602 3.1977944374084472656 3.6877944469451904297 7.1277942657470703125 19.417795181274414063 28.38779449462890625 22.457794189453125 14.918822288513183594 11.718822479248046875 9.8088226318359375 6.2688221931457519531 5.0288224220275878906 2.6688222885131835938 0.83882230520248413086 1.0588222742080688477 1.4251557588577270508 3.0451557636260986328 14.985156059265136719 16.205156326293945313 4.3151555061340332031 1.9351557493209838867 1.2451556921005249023 1.6151556968688964844 2.2838928699493408203 3.3838927745819091797 3.7538928985595703125 5.833892822265625 3.5538928508758544922 1.8938927650451660156 1.963892817497253418 1.5438928604125976563 1.8027453422546386719 1.6227452754974365234 0.78274530172348022461 -9999 -9999 -9999 -9999 -9999
-9999 -9999 -9999 -9999 -9999 -9999 -9999 -9999 -9999 -9999 -9999 -9999 -9999 -9999 -9999 -9999 0.48779448866844177246 6.2377943992614746094 8.3977947235107421875 8.88779449462890625 14.767794609069824219 31.88779449462890625 20.63779449462890625 14.728822708129882813 12.708822250366210938 10.348822593688964844 7.2388224601745605469 5.2988224029541015625 4.2288222312927246094 1.7088222503662109375 0.68882226943969726563 1.2651556730270385742 1.9051556587219238281 9.0251560211181640625 19.225154876708984375 7.8651556968688964844 3.1951556205749511719 1.3351557254791259766 1.6451556682586669922 3.0038928985595703125 4.6438927650451660156 5.6638927459716796875 3.8038928508758544922 2.5038928985595703125 3.2338929176330566406 3.583892822265625 2.7738928794860839844 1.8127453327178955078 1.8427453041076660156 1.412745356559753418 -9999 -9999 -9999 -9999 -9999
-9999 -9999 -9999 -9999 -9999 -9999 -9999 -9999 -9999 -9999 -9999 -9999 -9999 -9999 -9999 -9999 2.6502315998077392578 9.7302312850952148438 10.340231895446777344 12.360231399536132813 19.6902313232421875 29.890232086181640625 19.990232467651367188 15.152546882629394531 12.812546730041503906 10.572546958923339844 9.3025465011596679688 6.8425469398498535156 4.1625471115112304688 3.5625469684600830078 1.3725469112396240234 1.1996816396713256836 2.2396817207336425781 5.329681396484375 21.339681625366210938 9.349681854248046875 3.419681549072265625 1.8296816349029541016 1.3296816349029541016 2.7218582630157470703 4.931858062744140625 6.5618581771850585938 5.3818583488464355469 4.7318582534790039063 3.8018581867218017578 2.8218584060668945313 2.0518581867218017578 1.5126327276229858398 2.0526328086853027344 1.3026326894760131836 0.09263274073600769043 -9999 -9999 -9999 -9999
-9999 -9999 -9999 -9999 -9999 -9999 -9999 -9999 -9999 -9999 -9999 1.7653803825378417969 -9999 -9999 -9999 -9999 4.9002313613891601563 9.4502315521240234375 11.760231971740722656 14.580231666564941406 27.180231094360351563 24.250230789184570313 19.48023223876953125 13.332547187805175781 11.582547187805175781 10.982546806335449219 10.21254730224609375 8.8625469207763671875 5.3925466537475585938 3.9725468158721923828 2.7025468349456787109 0.34968161582946777344 2.1896815299987792969 9.9596815109252929688 18.479681015014648438 11.069681167602539063 4.0596814155578613281 2.0196816921234130859 1.3196816444396972656 2.1818583011627197266 3.8518583774566650391 9.1618585586547851563 8.4418582916259765625 5.1918582916259765625 3.3818583488464355469 2.7518582344055175781 3.3318583965301513672 2.6226327419281005859 0.45263275504112243652 1.0126327276229858398 0.13263274729251861572 -9999 -9999 -9999 -9999
-9999 -9999 -9999 -9999 -9999 -9999 -9999 -9999 -9999 -9999 -9999 -9999 3.5153803825378417969 0.39538031816482543945 -9999 0.49023154377937316895 3.9702315330505371094 6.7602314949035644531 12.470232009887695313 17.12023162841796875 29.540231704711914063 22.450231552124023438 15.140231132507324219 11.792547225952148438 11.152546882629394531 10.882546424865722656 10.642546653747558594 6.8825469017028808594 5.0925469398498535156 3.8525469303131103516 2.8225469589233398438 0.0096816252917051315308 1.9996815919876098633 16.179681777954101563 16.919681549072265625 9.0596818923950195313 4.0296816825866699219 2.4796817302703857422 1.6196815967559814453 2.3118581771850585938 4.5518584251403808594 13.241858482360839844 4.181858062744140625 2.8818583488464355469 2.5518581867218017578 1.8518582582473754883 1.3818583488464355469 1.8226327896118164063 0.042632743716239929199 -9999 -9999 -9999 -9999 -9999 -9999
-9999 -9999 -9999 -9999 -9999 -9999 -9999 -9999 -9999 -9999 -9999 -9999 0.75538033246994018555 4.6953802108764648438 2.995380401611328125 4.7402315139770507813 7.460231781005859375 10.520231246948242188 12.930231094360351563 19.970232009887695313 30.4402313232421875 19.430231094360351563 11.080231666564941406 11.012546539306640625 10.802546501159667969 11.0325469970703125 8.0425472259521484375 4.7825469970703125 4.2525467872619628906 4.6225466728210449219 3.4125468730926513672 1.0096815824508666992 6.1196818351745605469 17.839681625366210938 8.3696813583374023438 4.4596815109252929688 3.0996816158294677734 1.3396816253662109375 1.6796816587448120117 2.8118581771850585938 13.631857872009277344 5.3918581008911132813 2.5418581962585449219 1.6718583106994628906 0.89185827970504760742 2.2118582725524902344 1.0618582963943481445 1.3426327705383300781 -9999 -9999 -9999 -9999 -9999 -9999 -9999
-9999 -9999 -9999 -9999 -9999 -9999 -9999 -9999 -9999 -9999 -9999 -9999 1.7353802919387817383 2.9353802204132080078 3.3153803348541259766 5.3602313995361328125 9.4002313613891601563 12.010231971740722656 13.500231742858886719 23.23023223876953125 30.450231552124023438 13.230231285095214844 10.590231895446777344 10.442546844482421875 10.572546958923339844 10.152546882629394531 5.3425469398498535156 4.9825468063354492188 4.9125471115112304688 4.7925467491149902344 4.4025468826293945313 2.75968170166015625 7.9396815299987792969 18.979681015014648438 6.0596814155578613281 4.1996817588806152344 2.8796815872192382813 1.6096816062927246094 3.6896815299987792969 8.8818578720092773438 12.34185791015625 1.3818583488464355469 0.46185830235481262207 0.011858291923999786377 0.53185826539993286133 0.61185830831527709961 1.3018583059310913086 0.64263272285461425781 -9999 -9999 -9999 -9999 -9999 -9999 -9999
-9999 -9999 -9999 -9999 -9999 -9999 -9999 -9999 -9999 -9999 -9999 -9999 0.31538033485412597656 1.8153803348541259766 1.9753803014755249023 4.2402315139770507813 9.4002313613891601563 12.80023193359375 14.87023162841796875 26.210231781005859375 27.830230712890625 10.150231361389160156 10.010231971740722656 10.182546615600585938 9.9525470733642578125 9.9925470352172851563 8.8425464630126953125 7.9825468063354492188 6.3125467300415039063 5.4925470352172851563 4.8425469398498535156 8.8796815872192382813 19.249681472778320313 9.5596818923950195313 5.8196816444396972656 4.2896814346313476563 3.4796817302703857422 2.7896816730499267578 4.7296814918518066406 14.191858291625976563 5.6518583297729492188 1.9718582630157470703 1.2918583154678344727 0.61185830831527709961 -9999 -9999 -9999 -9999 -9999 -9999 -9999 -9999 -9999 -9999 -9999
-9999 -9999 -9999 -9999 -9999 -9999 -9999 -9999 -9999 -9999 -9999 -9999 1.3753802776336669922 3.5253803730010986328 3.2753803730010986328 5.37023162841796875 8.4902315139770507813 11.740231513977050781 16.570232391357421875 27.790231704711914063 24.720232009887695313 11.810231208801269531 9.6102313995361328125 9.6625471115112304688 9.442546844482421875 9.3025465011596679688 9.5425472259521484375 7.7825469970703125 7.2925467491149902344 7.6725468635559082031 13.642546653747558594 14.199681282043457031 8.8396816253662109375 6.849681854248046875 4.8896818161010742188 4.0896816253662109375 5.25968170166015625 7.4896817207336425781 10.559681892395019531 13.241858482360839844 5.1718583106994628906 3.6718583106994628906 1.8518582582473754883 0.97185826301574707031 0.1918582916259765625 -9999 -9999 -9999 -9999 -9999 -9999 -9999 -9999 -9999 -9999
-9999 -9999 -9999 -9999 -9999 -9999 -9999 -9999 -9999 -9999 -9999 -9999 1.5353803634643554688 4.8253803253173828125 3.7253804206848144531 4.4202313423156738281 7.0002317428588867188 10.490231513977050781 17.6902313232421875 28.170230865478515625 20.740232467651367188 14.070231437683105469 10.010231971740722656 9.2425470352172851563 9.3025465011596679688 8.8025465011596679688 9.442546844482421875 9.2725467681884765625 9.46254730224609375 12.922547340393066406 11.742547035217285156 8.3096818923950195313 7.9096817970275878906 6.3396816253662109375 5.6396818161010742188 10.239681243896484375 14.679681777954101563 13.279681205749511719 10.849681854248046875 7.3218584060668945313 3.8018581867218017578 0.81185829639434814453 0.031858291476964950562 -9999 -9999 -9999 -9999 -9999 -9999 -9999 -9999 -9999 -9999 -9999 -9999
-9999 -9999 -9999 -9999 -9999 -9999 -9999 -9999 -9999 -9999 -9999 -9999 2.7907862663269042969 4.1807861328125 6.3207864761352539063 4.3576035499572753906 6.6476035118103027344 12.727603912353515625 17.357603073120117188 26.70760345458984375 19.287603378295898438 14.127603530883789063 12.247603416442871094 9.226043701171875 9.29604339599609375 8.5760431289672851563 9.3460435867309570313 10.176043510437011719 12.1160430908203125 12.166043281555175781 10.906043052673339844 9.4920711517333984375 10.822072029113769531 12.592071533203125 14.732071876525878906 16.092071533203125 8.4720716476440429688 6.3520717620849609375 4.9020714759826660156 4.4619011878967285156 1.9819011688232421875 1.281901240348815918 0.94190120697021484375 -9999 -9999 -9999 -9999 -9999 -9999 -9999 -9999 -9999 -9999 -9999 -9999
-9999 -9999 -9999 -9999 -9999 -9999 -9999 -9999 -9999 -9999 -9999 -9999 -9999 3.9007863998413085938 7.5507864952087402344 6.047603607177734375 10.45760345458984375 14.377603530883789063 15.7776031494140625 23.267602920532226563 18.1676025390625 13.947603225708007813 13.347603797912597656 10.456043243408203125 9.2560434341430664063 8.8460435867309570313 10.216043472290039063 12.226043701171875 12.086043357849121094 10.8660430908203125 10.856043815612792969 11.052071571350097656 14.952071189880371094 11.682071685791015625 11.992071151733398438 7.8220715522766113281 4.1920714378356933594 2.5520715713500976563 1.8120715618133544922 1.5119011402130126953 0.82190120220184326172 -9999 -9999 -9999 -9999 -9999 -9999 -9999 -9999 -9999 -9999 -9999 -9999 -9999 -9999
-9999 -9999 4.0478119850158691406 -9999 -9999 -9999 -9999 -9999 -9999 -9999 -9999 -9999 0.30078628659248352051 2.2807862758636474609 7.6507863998413085938 10.2776031494140625 11.347603797912597656 13.667603492736816406 14.327603340148925781 17.59760284423828125 18.697603225708007813 14.677603721618652344 13.187602996826171875 12.536043167114257813 9.9660434722900390625 10.056043624877929688 12.216043472290039063 12.446043014526367188 10.486043930053710938 10.896043777465820313 11.166043281555175781 15.77207183837890625 12.682071685791015625 8.8820714950561523438 8.0120716094970703125 6.342071533203125 4.2020716667175292969 2.0320715904235839844 0.87207162380218505859 0.67190116643905639648 -9999 -9999 -9999 -9999 -9999 -9999 -9999 -9999 -9999 -9999 -9999 -9999 -9999 -9999 -9999
-9999 -9999 3.6078119277954101563 -9999 -9999 -9999 -9999 -9999 -9999 -9999 -9999 1.6307862997055053711 3.6807863712310791016 4.6907863616943359375 7.4707860946655273438 11.287603378295898438 12.20760345458984375 12.687602996826171875 13.017603874206542969 14.067603111267089844 17.117603302001953125 16.467603683471679688 14.45760345458984375 13.126043319702148438 12.266043663024902344 12.276043891906738281 12.476043701171875 11.236043930053710938 10.496043205261230469 12.306043624877929688 14.606043815612792969 16.262071609497070313 10.372071266174316406 7.9820713996887207031 7.1720714569091796875 5.8220715522766113281 3.5620715618133544922 2.4520716667175292969 2.092071533203125 1.5919011831283569336 0.28190118074417114258 -9999 -9999 -9999 -9999 -9999 -9999 -9999 -9999 -9999 -9999 -9999 -9999 -9999 -9999
1.2178120613098144531 1.2178120613098144531 5.4778118133544921875 -9999 -9999 -9999 -9999 -9999 -9999 -9999 0.080786287784576416016 3.0807862281799316406 5.3307862281799316406 7.4207863807678222656 9.270786285400390625 11.077603340148925781 11.577603340148925781 11.767603874206542969 12.077603340148925781 12.857603073120117188 14.827603340148925781 16.047603607177734375 14.647603034973144531 13.606043815612792969 12.816043853759765625 12.586043357849121094 12.206043243408203125 12.036043167114257813 15.276043891906738281 14.156043052673339844 13.256043434143066406 11.702071189880371094 9.0720720291137695313 7.5520715713500976563 6.7120714187622070313 4.4820713996887207031 4.4520716667175292969 2.682071685791015625 0.33207160234451293945 -9999 -9999 -9999 -9999 -9999 -9999 -9999 -9999 -9999 -9999 -9999 -9999 -9999 -9999 0.72609323263168334961 -9999
5.8678121566772460938 5.8678121566772460938 8.2978124618530273438 7.7178120613098144531 7.5378122329711914063 -9999 -9999 -9999 -9999 -9999 -9999 2.4207863807678222656 0.98078626394271850586 1.7807862758636474609 5.1707863807678222656 9.5776033401489257813 10.987603187561035156 11.087603569030761719 11.477603912353515625 12.267603874206542969 13.817603111267089844 14.987603187561035156 13.317603111267089844 13.846043586730957031 13.04604339599609375 12.756043434143066406 12.486043930053710938 13.006043434143066406 16.716043472290039063 11.396043777465820313 10.946043014526367188 10.472071647644042969 9.0520715713500976563 6.182071685791015625 5.3720717430114746094 5.2420716285705566406 4.0420718193054199219 0.47207161784172058105 -9999 -9999 -9999 -9999 -9999 -9999 -9999 -9999 -9999 -9999 -9999 -9999 -9999 -9999 1.0760933160781860352 -9999 -9999
11.197812080383300781 11.197812080383300781 10.177811622619628906 9.4278116226196289063 10.347811698913574219 13.027812004089355469 10.337812423706054688 5.9307861328125 -9999 -9999 0.270786285400390625 0.36078628897666931152 0.51078629493713378906 -9999 1.7307863235473632813 5.2276034355163574219 8.797603607177734375 10.177603721618652344 11.237603187561035156 12.107603073120117188 13.417603492736816406 14.367603302001953125 14.017603874206542969 13.426043510437011719 13.406043052673339844 12.886043548583984375 12.656043052673339844 14.376043319702148438 16.256044387817382813 10.276043891906738281 9.6860437393188476563 9.5820713043212890625 9.4620714187622070313 7.5820717811584472656 6.252071380615234375 4.0420718193054199219 0.95207160711288452148 1.7320716381072998047 0.18207161128520965576 -9999 -9999 -9999 -9999 -9999 -9999 -9999 -9999 -9999 -9999 -9999 -9999 0.126093253493309021 1.6360932588577270508 0.87609326839447021484 0.32609325647354125977
